1766809073382 0.0 49
1766809097640 0.0 78
1766809098361 0.0 78
1766809128480 1.0 99
1766809134149 1.0 149
1766809156069 1.0 157
1766809156468 1.0 157
1766809202303 2.0 199
1766809227180 2.0 236
1766809227200 2.0 236
1766809256656 3.0 249
1766809261606 3.0 299
1766809284193 3.0 315
1766809284199 3.0 315
1766809317576 4.0 349
1766809343043 4.0 394
1766809343058 4.0 394
1766809372548 5.0 399
1766809377884 5.0 449
1766809401423 5.0 473
1766809401441 5.0 473
1766809432384 6.0 499
1766809437265 6.0 549
1766809458568 6.0 552
1766809459711 6.0 552
1766809492032 7.0 599
1766809516147 7.0 631
1766809516154 7.0 631
1766809545230 8.0 649
1766809550207 8.0 699
1766809572239 8.0 710
1766809572245 8.0 710
1766809603523 9.0 749
1766809628489 9.0 789
1766809628506 9.0 789
