1766809073382 0.3104516267776489 49
1766809128480 0.5128222107887268 99
1766809134149 0.4049277603626251 149
1766809202303 0.25675153732299805 199
1766809256656 0.24690593779087067 249
1766809261606 0.3694370985031128 299
1766809317576 0.37740421295166016 349
1766809372548 0.26484307646751404 399
1766809377884 0.3739563822746277 449
1766809432384 0.37722262740135193 499
1766809437265 0.18404507637023926 549
1766809492032 0.2427918016910553 599
1766809545230 0.29512661695480347 649
1766809550207 0.2725643515586853 699
1766809603523 0.36902016401290894 749
