1766797848994 0.0 49
1766797983117 0.0 78
1766797993284 0.0 78
1766798096647 1.0 99
1766798235315 1.0 149
1766798331176 1.0 157
1766798334912 1.0 157
1766798450538 2.0 199
1766798599116 2.0 236
1766798599294 2.0 236
1766798665569 3.0 249
1766798714601 3.0 299
1766798764891 3.0 315
1766798764999 3.0 315
1766798846972 4.0 349
1766798926860 4.0 394
1766798926975 4.0 394
1766798985428 5.0 399
1766799036479 5.0 449
1766799104507 5.0 473
1766799104795 5.0 473
1766799180536 6.0 499
1766799247993 6.0 549
1766799286165 6.0 552
1766799286271 6.0 552
1766799383392 7.0 599
1766799454508 7.0 631
1766799455368 7.0 631
1766799526600 8.0 649
1766799591725 8.0 699
1766799651630 8.0 710
1766799651741 8.0 710
1766799736172 9.0 749
1766799825444 9.0 789
1766799825571 9.0 789
