1766797848994 0.15342509746551514 49
1766798096647 0.13182979822158813 99
1766798235315 0.026178576052188873 149
1766798450538 0.09001370519399643 199
1766798665569 0.02605162002146244 249
1766798714601 0.019230037927627563 299
1766798846972 0.057727597653865814 349
1766798985428 0.12976257503032684 399
1766799036479 0.5019060969352722 449
1766799180536 0.0178968645632267 499
1766799247993 0.0764106959104538 549
1766799383392 0.04717804491519928 599
1766799526600 0.09239023178815842 649
1766799591725 0.0044099558144807816 699
1766799736172 0.1760185807943344 749
